12979.306275
12996.80422
12805.444002
13204.749849
13424.703451
13266.177419
13338.273863
13641.131703
14028.959741
13566.477075
13638.089811
14265.728847
14404.252399
16275.394955
15290.413624
15228.313025
15328.585467
15448.221157
15566.28007
15700.956633
16544.819664
16030.256051
15802.18719
16152.833879
17030.739791
17601.22156
17789.906546
18077.503952
18795.712046
18719.852055
18682.589749
18415.599444
19081.556497
18586.975476
17086.42137
17115.187544
17839.682354
18366.908061
19532.56022
18927.381559
19214.648214
19323.793953
18825.706393
19182.06114
19307.923281
19094.837417
18500.096332
18450.966953
18204.513412
18134.575862
18783.528529
19155.770184
19264.915709
19583.359903
21314.030509
22931.195262
23090.907136
23750.731328
23464.133466
22916.890989
23590.708229
23342.02856
23704.257092
24690.498479
26547.11857
26696.574871
26993.579982
27349.901295
28755.897891
28957.575186
29599.423354
33054.61094
33405.669042
32238.945271
34412.295374
37141.551865
39547.025147
40978.730454
40128.903339
37785.11134
34828.978536
34236.249972
37257.361663
38973.240648
36930.054508
36244.205169
35916.677208
37106.492137
36037.127996
34622.853503
31369.679726
32878.237352
32612.708542
32152.229422
32666.511931
32116.973805
30730.24589
33429.29055
34758.637739
34006.509701
33196.980541
34065.080778
35883.22771
37269.255877
37291.686823
38212.714827
39120.504116
39329.695164
45919.709115
46325.44815
44999.325834
48121.069612
47268.348023
47299.702107
48502.81807
48069.753305
49428.085406
52278.089766
51774.906563
55719.709642
56302.236233
56883.738227
53661.556528
49445.678172
49770.195687
47511.141312
46706.97206
46085.519119
45494.333608
49450.309948
48907.255071
50465.71355
48633.429154
49076.987435
48945.128319
51371.801665
52259.000622
54631.71538
56049.626634
58030.718165
57589.078141
60640.395698
59121.062629
55977.675142
56784.125729
58091.526849
58362.28554
58636.79793
58873.176368
56614.096064
54846.143739
54086.5986
53175.25292
52360.233783
54725.016389
55462.701409
56671.864806
57931.275847
59748.378025
59343.513218
60759.961402
58136.805954
58447.243628
58779.859584
59369.933306
56809.130974
57315.746123
58196.906137
58708.977622
60261.521252
60474.685223
60780.454602
64174.825748
63883.738102
62824.850248
60917.280386
59982.908942
55953.682536
56896.49302036
56555.00614829
54189.92378328
51855.48757097
50213.50347815
50810.12987346
50231.31624426
54919.32208442
55538.4276444
55027.6637128
53861.62174613
58769.55565698
57901.94410387
59618.18724031
56483.36611555
54484.6785262
57365.40565051
56423.0899035
59829.51263618
59053.14323795
58465.55835305
57003.40686564
55168.80722236
49790.3192749
50451.97307966
50044.53110099
47038.33195392
46631.88493786
43601.1669464
42990.05558844
36938.58092383
40746.56272146
37411.0869251
37606.08979298
34740.01851206
38830.97269588
38462.28365326
39322.47095922
38588.21482474
35738.58782858
34656.28550084
35726.89734017
37290.88962593
36716.96901568
37607.63238065
39235.07831206
36905.86902302
35601.26064281
35843.72407873
33651.47645342
33432.36436262
37406.0887717
36730.4045066
37366.76972927
35601.72570678
38775.03733118
40510.01780829
40132.8779466
38407.15439991
38170.95215164
35923.14471082
35599.40756203
35569.07119196
31750.50819284
32509.29722388
33697.98439103
34612.80596247
31711.92198023
32285.87152818
34624.07500306
34561.17333594
35937.67321927
35005.70067861
33521.10701606
33811.82436284
34690.54124344
35290.45185094
33721.57542298
34215.14465284
33927.50194127
32874.26577889
33811.40643324
33555.02851642
34256.41511657
33149.40781178
32753.43839079
32847.48302942
31893.53847966
31474.85015589
31606.93104873
31786.75003411
30859.50046452
29847.853218
32180.66546783
32337.86424934
33558.52579038
34280.66800786
35413.09429408
37282.52703468
39487.46253369
40062.37223111
40057.30747724
42165.53443268
41455.93974439
39891.11694756
39190.53354594
38235.50680572
39730.02594067
40840.76383247
42806.59836293
44544.88952911
43810.94792717
46261.54688957
45624.44071028
45593.36656222
44455.40591545
47803.90001579
47106.50917263
47020.26558162
45981.71153165
44762.70784292
44773.11125419
46752.33209096
49353.95715818
48893.53883884
49302.66112368
49556.80462852
47766.78323277
49068.43155018
46936.03985999
49109.064155
48967.77943975
48843.28730386
47063.98451192
47184.53482363
48851.92972245
49294.88033984
50026.82763708
49958.43808332
51777.73427143
52745.58137258
47039.56354478
46117.93453933
46479.17435374
44978.54165987
45303.87663266
46134.28476043
45039.24344704
47213.84330518
48207.3982946
47823.57132643
47419.15603104
48409.75218134
47344.48738925
43099.14162797
40829.82057611
43638.16487501
44945.93276412
42922.13741075
42795.56507165
43268.92839939
42254.5304014
41118.72168637
41605.95279113
43880.92589771
48198.02587907
47701.84290572
48237.92129926
49299.91997876
51579.06163431
55402.27714641
53897.3520683
54138.00325852
55111.90390524
54832.68534213
57644.37310675
56147.04945677
57483.91529526
57474.81174539
61813.0464104
61035.30913691
61703.02122792
62184.3940489
64425.82566573
66128.1332242
62425.74775299
60804.71454529
